pocket:0.27492 cable:0.07886 compartment:0.07886 outside:0.06693 lot:0.06497 wish:0.05509 wallet:0.05509 connector:0.04587 space:0.04539 power:0.04378 pen:0.04378 folder:0.04378 charger:0.04378 flap:0.04378 mouse:0.03754 nice:0.03656 thing:0.03656 inside:0.03656 small:0.03050 paperwork:0.02931 
hassle:0.56060 return:0.50009 unable:0.34497 christmas:0.34497 difficult:0.34497 free:0.34497 replaced:0.34497 arrived:0.34497 promptly:0.34497 gift:0.27205 easy:0.27205 getting:0.23057 returned:0.23057 week:0.20216 amazon:0.20216 problem:0.18088 item:0.11232 case:0.02199 hassle:0.56060 return:0.50009 
strap:0.35830 handle:0.24750 shoulder:0.17618 broke:0.11457 later:0.08923 month:0.06288 hand:0.06232 comfortable:0.06232 plastic:0.04988 wear:0.04988 tear:0.04988 ripped:0.04988 started:0.04147 attachment:0.03316 holiday:0.03316 left:0.03316 lift:0.03316 finally:0.03316 broken:0.03316 stand:0.03316 
look:0.17887 color:0.12356 pink:0.09624 stylish:0.07948 looked:0.07948 pretty:0.06747 lime:0.05552 green:0.05552 fashionable:0.05552 picture:0.04414 awesome:0.04414 good:0.03887 great:0.03719 design:0.03078 fre:0.02954 cell:0.02954 styling:0.02954 sacrifice:0.02954 durability:0.02954 style:0.02954 
recommend:0.01314 bought:0.01198 used:0.01109 hard:0.01033 bag:0.00956 work:0.00885 using:0.00825 pleased:0.00731 say:0.00731 backpack:0.00731 weight:0.00731 case:0.00711 new:0.00676 purchased:0.00651 thought:0.00570 drawback:0.00570 saw:0.00570 decided:0.00570 carrying:0.00570 complaint:0.00570 
price:0.83874 worth:0.22102 pay:0.18621 good:0.15745 great:0.13023 requested:0.11761 beleive:0.11761 seen:0.11761 100:0.11761 suppose:0.11761 buck:0.11761 based:0.11761 reasonable:0.11761 inexpensive:0.11761 overly:0.11761 money:0.08836 extra:0.08836 expensive:0.08836 store:0.08836 close:0.08836 
protection:0.26889 padding:0.22648 protects:0.17297 protect:0.12082 drop:0.12082 lap:0.09971 inside:0.09290 computer:0.08610 laptop:0.07396 good:0.07386 let:0.06429 secure:0.06429 damaged:0.06429 internal:0.06429 weak:0.06429 taste:0.06429 trust:0.06429 protected:0.06429 constructed:0.06429 provides:0.06429 
quality:0.12143 material:0.07692 handle:0.05216 poor:0.04539 broke:0.04279 durable:0.04279 month:0.04006 later:0.03333 wear:0.03333 tear:0.03333 zipper:0.03333 chemical:0.03333 started:0.02707 excellent:0.02328 terrible:0.02328 crack:0.02328 strap:0.01843 daily:0.01732 plastic:0.01732 pull:0.01732 
fit:0.20285 size:0.05379 macbook:0.04771 big:0.04260 space:0.03996 air:0.03126 slightly:0.02466 lot:0.02382 bulk:0.02317 perfect:0.02233 inch:0.02233 laptop:0.02003 perfectly:0.01873 13:0.01843 cable:0.01723 folder:0.01723 notebook:0.01723 sure:0.01723 snug:0.01723 bit:0.01581 
