battery:0.43256 charge:0.30860 life:0.21779 charger:0.16951 charging:0.14788 tone:0.11831 longer:0.09793 low:0.08405 hour:0.08405 power:0.08405 light:0.06556 color:0.06289 red:0.06289 responding:0.06289 merit:0.06289 
ear:0.26119 fit:0.18426 comfortable:0.09468 bud:0.05638 feel:0.04533 jaybird:0.04091 comfortably:0.04091 lightweight:0.03382 wear:0.03112 readjusting:0.03036 hard:0.02856 heavy:0.02856 constantly:0.02856 comfort:0.02856 size:0.02856 
phone:0.10506 range:0.09451 easy:0.09412 easily:0.07837 galaxy:0.06761 foot:0.05723 connection:0.04719 optimal:0.04719 zone:0.04719 cut:0.04719 paired:0.04719 link:0.04719 connects:0.04719 connect:0.04719 samsung:0.03735 
week:0.12591 long:0.11932 month:0.08831 durable:0.08788 sweat:0.08788 charging:0.06098 turn:0.06019 second:0.05289 expected:0.04671 holding:0.04671 standard:0.04671 comment:0.04671 responding:0.04671 lasted:0.04671 randomly:0.04671 
easy:0.25429 control:0.11792 button:0.10442 simple:0.06878 setup:0.06406 mic:0.06105 phone:0.03632 colored:0.03405 flashing:0.03405 confusing:0.03405 make:0.03405 convenient:0.03405 folding:0.03405 smooth:0.03405 ease:0.03405 
look:1.43657 appearance:0.53950 hs850:0.43328 nice:0.43328 earpiece:0.37242 h700:0.37242 smaller:0.33053 feel:0.29903 fine:0.20822 bluetooth:0.12062 great:0.10538 good:0.09755 headset:0.06330 look:1.43657 appearance:0.53950 
really:0.01441 product:0.01345 work:0.01325 headset:0.01243 motorola:0.00967 bluetooth:0.00952 got:0.00902 purchased:0.00902 glass:0.00745 love:0.00713 replacement:0.00580 replaced:0.00580 buy:0.00580 wearing:0.00580 redial:0.00580 
price:0.52604 great:0.14857 cost:0.14828 pretty:0.10296 inexpensive:0.09391 freestyler:0.09391 500:0.09391 cheapest:0.09391 market:0.09391 loved:0.09391 buck:0.09391 hefty:0.09391 pay:0.09391 150:0.09391 cent:0.09391 
sound:0.12012 quality:0.07278 hear:0.06259 noise:0.05349 volume:0.04367 end:0.03780 audio:0.03780 good:0.03153 voice:0.03142 conversation:0.02672 people:0.02423 told:0.02080 clearly:0.02080 background:0.02080 poor:0.01928 
