color:1.33468 love:0.38767 style:0.30434 unbelievably:0.21561 gorgeous:0.21561 blue:0.21561 favorite:0.21561 taupe:0.21561 wonderful:0.21561 red:0.16573 exactly:0.16573 design:0.13760 purchased:0.13760 loved:0.13760 material:0.11845 looking:0.11845 perfect:0.09292 look:0.05866 boot:0.04546 color:1.33468 
comfortable:0.08518 fit:0.05348 foot:0.03805 hurt:0.02895 ankle:0.02523 comfy:0.01843 blister:0.01843 comfort:0.01843 break:0.01575 wear:0.01428 able:0.01406 extreme:0.01372 walking:0.01295 sock:0.01295 longer:0.01288 painful:0.01288 perfectly:0.01288 super:0.01288 uncomfortable:0.01288 light:0.01288 
rubber:0.17371 quality:0.13118 use:0.10618 buckle:0.10618 appear:0.10618 heel:0.08518 long:0.07802 time:0.05703 breaking:0.05654 enjoy:0.05654 provide:0.05654 protection:0.05654 clearly:0.05654 cheaply:0.05654 thinner:0.05654 barn:0.05654 month:0.05654 starting:0.05654 tearing:0.05654 constant:0.05654 
cute:0.23953 look:0.13356 looked:0.10953 great:0.10000 fringe:0.08656 style:0.07329 color:0.07077 love:0.05979 design:0.04791 going:0.03315 unattractive:0.03221 attractive:0.03221 office:0.03221 environment:0.03221 picture:0.03221 360:0.03221 degree:0.03221 venting:0.03221 concept:0.03221 coverage:0.03221 
leather:0.14127 inside:0.08806 fringe:0.08806 material:0.07461 heel:0.07215 cheaper:0.06154 soft:0.06154 sole:0.06154 buckle:0.06154 suede:0.06154 true:0.04020 rubber:0.03383 advertised:0.03277 fact:0.03277 cloth:0.03277 backed:0.03277 synthetic:0.03277 finished:0.03277 aerosoles:0.03277 lining:0.03277 
return:0.01880 pair:0.01479 thought:0.01479 year:0.01047 boot:0.00838 high:0.00816 kind:0.00816 merrell:0.00816 excited:0.00816 wore:0.00776 disappointed:0.00776 buy:0.00776 problem:0.00776 bought:0.00776 issue:0.00776 hope:0.00570 reviewer:0.00570 surprised:0.00570 upper:0.00570 knew:0.00570 
worth:0.66633 money:0.66633 cheap:0.41029 inexpensive:0.41029 paid:0.41029 expect:0.41029 wont:0.41029 cost:0.41029 arm:0.41029 price:0.32370 leg:0.27443 able:0.24069 definitely:0.24069 shoe:0.04565 boot:0.02916 worth:0.66633 money:0.66633 cheap:0.41029 inexpensive:0.41029 paid:0.41029 
size:0.29535 ordered:0.14448 half:0.12187 order:0.07586 big:0.07327 little:0.05939 bigger:0.05911 usually:0.05778 narrow:0.05144 normally:0.04919 width:0.04919 true:0.04919 run:0.04131 small:0.04131 sizing:0.04131 larger:0.04131 perfect:0.03609 fit:0.03244 sent:0.03189 ankle:0.02749 
dry:0.12491 waterproof:0.12491 rain:0.10321 wet:0.10321 water:0.10321 foot:0.08120 soaked:0.08042 snow:0.08042 cold:0.04431 puddle:0.04431 warm:0.04431 got:0.04032 chicago:0.02993 protect:0.02993 suppose:0.02993 defective:0.02993 item:0.02993 traction:0.02993 rainy:0.02993 interestingly:0.02993 
