service:0.04425 staff:0.02520 friendly:0.01891 waiter:0.01679 attentive:0.01470 table:0.01163 minute:0.01094 waitress:0.01090 asked:0.01082 wait:0.01079 manager:0.00929 rude:0.00929 server:0.00901 time:0.00857 slow:0.00831 reservation:0.00804 prompt:0.00696 order:0.00676 hour:0.00666 helpful:0.00626 hostess:0.00590 owner:0.00562 came:0.00551 seated:0.00527 told:0.00522 smile:0.00482 customer:0.00481 problem:0.00449 finally:0.00444 treated:0.00443 
atmosphere:0.03470 place:0.02641 romantic:0.02412 decor:0.02111 music:0.01800 cozy:0.01720 nice:0.01402 restaurant:0.01329 loud:0.01154 ambiance:0.01067 outside:0.01066 quiet:0.01043 beautiful:0.01043 outdoor:0.01043 ambience:0.01043 space:0.01007 conversation:0.00953 crowded:0.00944 night:0.00942 jazz:0.00860 cramped:0.00860 scene:0.00860 seating:0.00858 cute:0.00858 back:0.00842 comfortable:0.00828 inside:0.00816 warm:0.00801 garden:0.00796 wall:0.00781 
food:0.01067 good:0.00514 pizza:0.00483 delicious:0.00476 fresh:0.00437 dish:0.00403 chicken:0.00372 best:0.00370 menu:0.00330 sushi:0.00323 sauce:0.00285 salad:0.00280 portion:0.00260 fish:0.00253 tasty:0.00253 thai:0.00238 roll:0.00238 spicy:0.00235 cheese:0.00223 try:0.00221 wine:0.00203 appetizer:0.00202 shrimp:0.00201 flavor:0.00185 soup:0.00181 indian:0.00181 fried:0.00176 pasta:0.00174 selection:0.00171 rice:0.00167 
