netflix:0.28723 user:0.18263 file:0.17932 hulu:0.17187 apps:0.17187 watch:0.14343 flash:0.11295 internet:0.11295 smart:0.10209 video:0.09318 streaming:0.09131 speed:0.09131 youtube:0.09131 access:0.09131 lack:0.09131 smartness:0.09131 download:0.09131 browse:0.09131 ease:0.09131 interface:0.09131 
hdmi:0.11444 port:0.09427 computer:0.07500 input:0.06888 component:0.06347 usb:0.06347 internet:0.05551 connection:0.04938 output:0.04938 server:0.04938 connect:0.04160 audio:0.04160 play:0.03581 stopped:0.03445 standard:0.03445 avi:0.03445 like:0.03311 hd:0.03127 file:0.03127 movie:0.02756 
paid:0.07751 support:0.07751 service:0.06645 week:0.06645 replacement:0.05821 mail:0.05407 waiting:0.05407 pay:0.05407 shipping:0.05407 1500:0.05407 bring:0.05407 delivery:0.05407 come:0.03653 used:0.03653 people:0.03653 speak:0.02873 technician:0.02873 refurbished:0.02873 handled:0.02873 shore:0.02873 
easy:0.15725 channel:0.13681 remote:0.12596 setup:0.10479 feature:0.09300 user:0.08938 menu:0.08411 use:0.06839 setting:0.06414 using:0.05912 turn:0.05912 set:0.05135 input:0.04565 cause:0.04469 shuts:0.04469 cycle:0.04469 signal:0.04469 absolute:0.04469 customized:0.04469 brightness:0.04469 
picture:0.16772 color:0.08145 quality:0.03959 black:0.03511 bright:0.03456 nice:0.03157 clear:0.03013 look:0.02962 excellent:0.02904 crisp:0.02852 screen:0.02667 right:0.02488 dead:0.02219 pixel:0.02219 trace:0.02219 beautiful:0.02219 vibrant:0.02219 sharp:0.02219 angle:0.02219 display:0.01787 
tv:0.01796 bought:0.01211 year:0.01078 hdtv:0.00731 happy:0.00731 problem:0.00649 purchased:0.00645 brand:0.00626 want:0.00577 month:0.00577 bedroom:0.00550 review:0.00516 think:0.00516 stand:0.00516 buy:0.00472 television:0.00472 10:0.00402 wanted:0.00402 kitchen:0.00402 area:0.00402 
price:0.40986 value:0.16477 money:0.14603 1500:0.08944 worth:0.07380 300:0.07380 paid:0.07380 solid:0.07380 used:0.06316 pretty:0.05524 great:0.04776 managed:0.04752 340:0.04752 720p:0.04752 400:0.04752 dollar:0.04752 baby:0.04752 withing:0.04752 range:0.04752 available:0.04752 
size:0.22710 big:0.16846 bigger:0.13213 40:0.11357 difference:0.10808 screen:0.09549 room:0.08808 light:0.07253 3d:0.05675 livingroom:0.05404 hardware:0.05404 slim:0.05404 cubbyhole:0.05404 huge:0.05404 weigh:0.05404 awkward:0.05404 pentile:0.05404 matrix:0.05404 60:0.05404 foot:0.05404 
sound:0.43835 speaker:0.10404 good:0.06519 quality:0.06201 loud:0.05845 tinny:0.05845 bass:0.05845 hear:0.04078 horrible:0.04078 treble:0.04078 change:0.03781 really:0.03708 great:0.03475 terrible:0.03238 bar:0.03238 display:0.02671 thing:0.02436 eye:0.02167 ear:0.02167 loudest:0.02167 
