filter:0.09518 brush:0.07551 attachment:0.06277 roll:0.03376 turbo:0.03107 
belt:0.09255 broke:0.07737 turn:0.07114 working:0.06797 burning:0.06274 
service:0.24619 contacted:0.17170 help:0.17170 customer:0.17170 took:0.17170 
easy:0.08254 cord:0.07395 push:0.04833 corner:0.03116 vacuuming:0.02639 
quiet:0.39750 noisy:0.22028 loud:0.17134 powerful:0.13554 noise:0.11950 
vac:0.00980 cleaner:0.00848 vacuum:0.00783 buy:0.00773 bought:0.00714 
price:0.44257 money:0.42160 feaure:0.16392 paid:0.16392 spinning:0.16392 
suction:0.22880 pick:0.14294 powerful:0.07597 power:0.06499 good:0.06163 
light:0.47423 weight:0.38991 lightweight:0.27737 heavy:0.16034 size:0.13305 
