filter:0.09518 brush:0.07551 attachment:0.06277 roll:0.03376 turbo:0.03107 easily:0.02631 expensive:0.02417 wide:0.02417 turn:0.02288 bag:0.02288 replacing:0.01685 typical:0.01685 hepa:0.01685 cover:0.01685 extension:0.01685 
belt:0.09255 broke:0.07737 turn:0.07114 working:0.06797 burning:0.06274 electrical:0.06274 built:0.06274 stop:0.06274 month:0.06056 roller:0.06056 time:0.05450 minute:0.05084 problem:0.04942 brush:0.04184 design:0.03677 
service:0.24619 contacted:0.17170 help:0.17170 customer:0.17170 took:0.17170 email:0.17170 miele:0.14465 hoover:0.10137 dealer:0.09118 horrible:0.09118 multiple:0.09118 responded:0.09118 chose:0.09118 representative:0.09118 told:0.09118 
easy:0.08254 cord:0.07395 push:0.04833 corner:0.03116 vacuuming:0.02639 pile:0.02639 maneuver:0.02622 nozzle:0.02622 awkward:0.02622 crevice:0.02622 constantly:0.02622 bog:0.02622 impossible:0.02622 short:0.02322 carpet:0.02277 
quiet:0.39750 noisy:0.22028 loud:0.17134 powerful:0.13554 noise:0.11950 louder:0.11950 ear:0.11950 loudest:0.11950 light:0.07298 incredibly:0.06346 deafening:0.06346 seriously:0.06346 actually:0.06346 ringing:0.06346 doggy:0.06346 
vac:0.00980 cleaner:0.00848 vacuum:0.00783 buy:0.00773 bought:0.00714 new:0.00679 better:0.00622 year:0.00526 recommend:0.00526 product:0.00526 owned:0.00479 review:0.00479 gave:0.00479 away:0.00479 kenmore:0.00479 
price:0.44257 money:0.42160 feaure:0.16392 paid:0.16392 spinning:0.16392 spun:0.16392 maybe:0.16392 cheap:0.16392 200:0.16392 spend:0.16392 right:0.12674 vaccum:0.12674 twice:0.12674 expected:0.12674 pricey:0.12674 
suction:0.22880 pick:0.14294 powerful:0.07597 power:0.06499 good:0.06163 hair:0.04488 carpet:0.04144 suck:0.03888 quiet:0.03682 really:0.03327 performs:0.03237 dirt:0.02594 tile:0.02531 ok:0.02531 job:0.02232 
light:0.47423 weight:0.38991 lightweight:0.27737 heavy:0.16034 size:0.13305 compact:0.10626 maneuver:0.10626 guess:0.10626 quiet:0.08993 quite:0.08807 probably:0.07569 cumbersome:0.05643 feaure:0.05643 reasonably:0.05643 history:0.05643 
